The first basic variables col.
minbasicC =

          3.00

defined in row  7
The positive position
posnbcolC =

  col. 1 to 8

          2.00          3.00          8.00         10.00         11.00         13.00         15.00         18.00

  col. 9

         20.00

I will remove 3 from posnbcolC

posnbcolC =

          2.00          8.00         10.00         11.00         13.00         15.00         18.00         20.00

The negative
negnbcolC =

          4.00         17.00


minnbcolC =

         -1.06


maxnbcolC =

          4.98

The range of a:  -1.060289 <=  qc  <= 4.978324

qc =

         -0.53


TC0 =

col. 1 to 8

        536.18          9.30             0          3.68             0             0             0          8.52
        127.92          0.11             0          4.47             0             0             0          0.48
         81.47         -4.44             0         -0.55             0             0             0         -0.28
         22.83          0.39             0          0.03             0             0          1.00          0.02
          9.28         -0.69             0          0.83             0          1.00             0         -0.12
         14.78          0.59             0         -0.19          1.00             0             0          0.37
         31.33          0.46          1.00         -0.12             0             0             0          0.48
         83.59          3.67             0         -8.67             0             0             0          0.68
        225.57          1.16             0         -1.08             0             0             0          2.45
         26.04          0.02             0          0.44             0             0             0         -0.08
         83.57          4.68             0         -4.32             0             0             0         -2.18

col. 9 to 16

             0          1.04          0.42             0          1.03             0          0.09             0
             0         -0.91          4.59          1.00          0.42             0          0.60             0
             0          2.50          7.98             0          0.50             0          0.49          1.00
             0          0.41          0.41             0          0.08             0         -0.10             0
             0          0.25         -0.05             0          0.09             0          0.11             0
             0         -0.18         -0.74             0         -0.07             0         -0.09             0
             0          0.39          0.80             0          0.10             0          0.00             0
             0          5.22          4.63             0          0.13          1.00         -0.70             0
             0         -1.55         10.91             0          0.24             0          0.50             0
          1.00          0.05          0.57             0          0.04             0          0.12             0
             0          5.03          3.13             0          0.07             0          0.27             0

 col. 17 to 21

          0.41          1.36             0          1.19             0
         -0.55         -0.04             0         -0.63             0
         -0.43         -0.13             0         -0.18             0
          0.05          0.04             0          0.13             0
          0.09         -0.06             0         -0.07             0
          0.02          0.14             0         -0.05             0
         -0.07          0.11             0          0.02             0
         -0.88          0.56             0         -0.00             0
         -0.78          0.30          1.00          0.46             0
          0.06          0.01             0          0.10             0
         -0.56         -0.02             0          0.76          1.00

Row 10 and Col 9 selected.
Row 5 and Col 6 selected.
Row 4 and Col 7 selected.
Row 7 and Col 3 selected.
Row 3 and Col 11 selected.
Row 6 and Col 5 selected.
Row 8 and Col 10 selected.
Row 8 and Col 14 selected.
Row 3 and Col 16 selected.

TC2 =

col. 1 to 8

        536.18          9.30             0          3.68             0             0             0          8.52
        127.92          0.11             0          4.47             0             0             0          0.48
         81.47         -4.44             0         -0.55             0             0             0         -0.28
         22.83          0.39             0          0.03             0             0          1.00          0.02
          9.28         -0.69             0          0.83             0          1.00             0         -0.12
         14.78          0.59             0         -0.19          1.00             0             0          0.37
         31.33          0.46          1.00         -0.12             0             0             0          0.48
         83.59          3.67             0         -8.67             0             0             0          0.68
        225.57          1.16             0         -1.08             0             0             0          2.45
         26.04          0.02             0          0.44             0             0             0         -0.08
         83.57          4.68             0         -4.32             0             0             0         -2.18

  col. 9 to 16

             0          1.04          0.42             0          1.03             0          0.09             0
             0         -0.91          4.59          1.00          0.42             0          0.60             0
             0          2.50          7.98             0          0.50             0          0.49          1.00
             0          0.41          0.41             0          0.08             0         -0.10             0
             0          0.25         -0.05             0          0.09             0          0.11             0
             0         -0.18         -0.74             0         -0.07             0         -0.09             0
             0          0.39          0.80             0          0.10             0          0.00             0
             0          5.22          4.63             0          0.13          1.00         -0.70             0
             0         -1.55         10.91             0          0.24             0          0.50             0
          1.00          0.05          0.57             0          0.04             0          0.12             0
             0          5.03          3.13             0          0.07             0          0.27             0

col. 17 to 21

          0.41          1.36             0          1.19             0
         -0.55         -0.04             0         -0.63             0
         -0.43         -0.13             0         -0.18             0
          0.05          0.04             0          0.13             0
          0.09         -0.06             0         -0.07             0
          0.02          0.14             0         -0.05             0
         -0.07          0.11             0          0.02             0
         -0.88          0.56             0         -0.00             0
         -0.78          0.30          1.00          0.46             0
          0.06          0.01             0          0.10             0
         -0.56         -0.02             0          0.76          1.00


