the last nonbasic column
lnbcol =

         20.00

the raws of positive values
posrow =

          4.00
          7.00
          9.00
         10.00
         11.00

the minimum row ratio
minrat =

        109.66

X is half of minimum row ratio
X =

         54.83


newrowa =

  col. 1 to 8

         54.83             0             0             0             0             0             0             0

  col. 9 to 16

             0             0             0             0             0             0             0             0

col. 17 to 21

             0             0             0          1.00             0

Row 12 and Col 20 selected.

AaT0 =

  col. 1 to 8

        486.77          9.54             0          3.62             0             0             0          8.77
        162.33          0.11             0          4.47             0             0             0          0.48
         91.40         -4.44             0         -0.55             0             0             0         -0.28
         15.83          0.39             0          0.03             0             0          1.00          0.02
         13.21         -0.69             0          0.83             0          1.00             0         -0.12
         17.39          0.59             0         -0.19          1.00             0             0          0.37
         29.97          0.46          1.00         -0.12             0             0             0          0.48
         83.66          3.67             0         -8.67             0             0             0          0.68
        200.21          1.16             0         -1.08             0             0             0          2.45
         20.72          0.02             0          0.44             0             0             0         -0.08
         41.78          4.68             0         -4.32             0             0             0         -2.18
         54.83             0             0             0             0             0             0             0

  col. 9 to 16

             0          1.25          0.85             0          1.08             0          0.09             0
             0         -0.91          4.59          1.00          0.42             0          0.60             0
             0          2.50          7.98             0          0.50             0          0.49          1.00
             0          0.41          0.41             0          0.08             0         -0.10             0
             0          0.25         -0.05             0          0.09             0          0.11             0
             0         -0.18         -0.74             0         -0.07             0         -0.09             0
             0          0.39          0.80             0          0.10             0          0.00             0
             0          5.22          4.63             0          0.13          1.00         -0.70             0
             0         -1.55         10.91             0          0.24             0          0.50             0
          1.00          0.05          0.57             0          0.04             0          0.12             0
             0          5.03          3.13             0          0.07             0          0.27             0
             0             0             0             0             0             0             0             0

  col. 17 to 21

          0.37          1.42             0             0             0
         -0.55         -0.04             0             0             0
         -0.43         -0.13             0             0             0
          0.05          0.04             0             0             0
          0.09         -0.06             0             0             0
          0.02          0.14             0             0             0
         -0.07          0.11             0             0             0
         -0.88          0.56             0             0             0
         -0.78          0.30          1.00             0             0
          0.06          0.01             0             0             0
         -0.56         -0.02             0             0          1.00
             0             0             0          1.00             0


Ta =

  col. 1 to 8

        486.77          9.54             0          3.62             0             0             0          8.77
        162.33          0.11             0          4.47             0             0             0          0.48
         91.40         -4.44             0         -0.55             0             0             0         -0.28
         15.83          0.39             0          0.03             0             0          1.00          0.02
         13.21         -0.69             0          0.83             0          1.00             0         -0.12
         17.39          0.59             0         -0.19          1.00             0             0          0.37
         29.97          0.46          1.00         -0.12             0             0             0          0.48
         83.66          3.67             0         -8.67             0             0             0          0.68
        200.21          1.16             0         -1.08             0             0             0          2.45
         20.72          0.02             0          0.44             0             0             0         -0.08
         41.78          4.68             0         -4.32             0             0             0         -2.18

  col. 9 to. 16

             0          1.25          0.85             0          1.08             0          0.09             0
             0         -0.91          4.59          1.00          0.42             0          0.60             0
             0          2.50          7.98             0          0.50             0          0.49          1.00
             0          0.41          0.41             0          0.08             0         -0.10             0
             0          0.25         -0.05             0          0.09             0          0.11             0
             0         -0.18         -0.74             0         -0.07             0         -0.09             0
             0          0.39          0.80             0          0.10             0          0.00             0
             0          5.22          4.63             0          0.13          1.00         -0.70             0
             0         -1.55         10.91             0          0.24             0          0.50             0
          1.00          0.05          0.57             0          0.04             0          0.12             0
             0          5.03          3.13             0          0.07             0          0.27             0

  col. 17 to. 21

          0.37          1.42             0          1.20             0
         -0.55         -0.04             0         -0.63             0
         -0.43         -0.13             0         -0.18             0
          0.05          0.04             0          0.13             0
          0.09         -0.06             0         -0.07             0
          0.02          0.14             0         -0.05             0
         -0.07          0.11             0          0.02             0
         -0.88          0.56             0         -0.00             0
         -0.78          0.30          1.00          0.46             0
          0.06          0.01             0          0.10             0
         -0.56         -0.02             0          0.76          1.00


ans =

        486.77
        162.33
         91.40
         15.83
         13.21
         17.39
         29.97
         83.66
        200.21
         20.72
         41.78
         54.83


