Last non-basic slack col is  20

posnbrowB =

     4
     7
     9
    10
    11


negnbrowB =

     2
     3
     5
     6
     8


minnbrowB0 =

   1.0e+03 *

   -0.1790
   -1.2582
   -0.4878
   -0.2683
   -0.1097


maxnbrowB0 =

   1.0e+04 *

    0.0204
    0.0450
    0.0130
    0.0310
    7.0796


minnbrowB =

 -109.6639


maxnbrowB =

  129.6318

The range of a:  -109.663862 <=  a  <= 129.631762

aB =

   64.8159


TB =

  col. 1 to 11

  630.8349    9.5443         0    3.6190         0         0         0    8.7689         0    1.2494    0.8495
   87.2514    0.1067         0    4.4729         0         0         0    0.4777         0   -0.9083    4.5869
   69.7319   -4.4415         0   -0.5536         0         0         0   -0.2783         0    2.5010    7.9757
   31.0908    0.3933         0    0.0271         0         0    1.0000    0.0223         0    0.4083    0.4131
    4.6406   -0.6897         0    0.8333         0    1.0000         0   -0.1178         0    0.2455   -0.0535
   11.6900    0.5904         0   -0.1919    1.0000         0         0    0.3654         0   -0.1829   -0.7402
   32.9463    0.4573    1.0000   -0.1159         0         0         0    0.4757         0    0.3929    0.8012
   83.5168    3.6723         0   -8.6669         0         0         0    0.6757         0    5.2184    4.6258
  255.5411    1.1636         0   -1.0837         0         0         0    2.4547         0   -1.5496   10.9120
   32.3289    0.0232         0    0.4448         0         0         0   -0.0773    1.0000    0.0481    0.5702
  132.9575    4.6777         0   -4.3232         0         0         0   -2.1755         0    5.0259    3.1282

  col. 12 to 21

         0    1.0843         0    0.0877         0    0.3698    1.4195         0    1.2041         0
    1.0000    0.4231         0    0.6009         0   -0.5507   -0.0412         0   -0.6275         0
         0    0.4986         0    0.4935    1.0000   -0.4297   -0.1292         0   -0.1811         0
         0    0.0769         0   -0.1009         0    0.0507    0.0412         0    0.1275         0
         0    0.0898         0    0.1139         0    0.0886   -0.0635         0   -0.0716         0
         0   -0.0691         0   -0.0936         0    0.0215    0.1361         0   -0.0477         0
         0    0.0992         0    0.0039         0   -0.0743    0.1091         0    0.0249         0
         0    0.1289    1.0000   -0.7028         0   -0.8801    0.5552         0   -0.0012         0
         0    0.2383         0    0.5028         0   -0.7759    0.3010    1.0000    0.4624         0
         0    0.0416         0    0.1185         0    0.0554    0.0112         0    0.0970         0
         0    0.0737         0    0.2691         0   -0.5617   -0.0163         0    0.7620    1.0000

Row 5 and Col 9 selected.
Row 4 and Col 7 selected.
Row 10 and Col 3 selected.
Row 7 and Col 6 selected.
Row 3 and Col 11 selected.
Row 6 and Col 5 selected.
Row 8 and Col 10 selected.
Row 8 and Col 14 selected.
Row 3 and Col 16 selected.

ans =

  630.8349
   87.2514
   69.7319
   31.0908
   32.3289
   11.6900
    4.6406
   83.5168
  255.5411
   32.9463
  132.9575


ans =

  630.8349
   87.2514
   69.7319
   31.0908
    4.6406
   11.6900
   32.9463
   83.5168
  255.5411
   32.3289
  132.9575